[version]
firstversion=1.0.0.14350
lastversion=1.0.0.14350
bootnum=7
appversion=1.0.0.14350
srcversion=1.0.0.14350


